TOP-CODE NOTES BY YEAR
                                                                                  2021 
"#  = indicates a wage equal to or greater than $100.00 per hour or $208,000 per year" 
                                                                                  2022 
"#  = indicates a wage equal to or greater than $115.00 per hour or $239,200 per year" 
                                                                                  2023 
"#  = indicates a wage equal to or greater than $115.00 per hour or $239,200 per year" 
                                                                                  2024 
"#  = indicates a wage equal to or greater than $115.00 per hour or $239,200 per year" 
                                                                                  2025 
"#  = indicates a wage equal to or greater than $115.00 per hour or $239,200 per year" 

NAICS TITLE STABILITY
# A tibble: 8 × 3
  NAICS  n_titles n_years
  <chr>     <int>   <int>
1 221111        1       5
2 221112        1       5
3 221113        1       5
4 221114        1       5
5 221115        1       5
6 221116        1       5
7 221117        1       5
8 221118        1       5

OWNERSHIP CODES (rows)
# A tibble: 1 × 2
  OWN_CODE  rows
  <chr>    <int>
1 5         5553

DISTINCT O_GROUP LEVELS

   broad detailed    major    minor    total 
    1898     2096      458     1061       40 

COVERAGE / SUPPRESSION BY INDUSTRY-YEAR
   year  NAICS detailed_cells usable_cells wage_suppressed emp_suppressed
1  2021 221111             37           34               0              3
2  2021 221112            141          134               1              6
3  2021 221113            100          100               0              0
4  2021 221114             36           31               0              5
5  2021 221115             33           31               0              2
6  2021 221116              4            4               0              0
7  2021 221117             13           11               0              2
8  2021 221118             18           16               0              2
9  2022 221111             39           36               1              2
10 2022 221112            142          141               1              0
11 2022 221113             93           93               0              0
12 2022 221114             40           33               2              5
13 2022 221115             34           33               1              0
14 2022 221116              7            7               0              0
15 2022 221117             12           11               0              1
16 2022 221118             20           20               0              0
17 2023 221111             47           45               2              0
18 2023 221112            139          137               1              1
19 2023 221113             94           93               0              1
20 2023 221114             51           48               1              2
21 2023 221115             42           38               2              2
22 2023 221116              5            3               0              2
23 2023 221117             13           12               0              1
24 2023 221118             22           20               2              0
25 2024 221111             51           49               0              2
26 2024 221112            137          133               0              4
27 2024 221113             97           96               0              1
28 2024 221114             53           49               0              4
29 2024 221115             47           47               0              0
30 2024 221116              8            7               0              1
31 2024 221117             14           14               0              0
32 2024 221118             38           33               0              5
33 2025 221111             48           45               2              1
34 2025 221112            134          129               0              5
35 2025 221113             98           98               0              0
36 2025 221114             71           65               1              5
37 2025 221115             52           52               0              0
38 2025 221116              5            5               0              0
39 2025 221117             15           13               1              1
40 2025 221118             46           40               1              5
   topcoded_mean p90_topcoded p90_suppressed usable_emp total_emp coverage
1              0            1              0       5600      6840    0.819
2              0            7              1      73540     77610    0.948
3              0           13              0      36290     37490    0.968
4              0            8              0       4350      6150    0.707
5              0            8              0       5860      6900    0.849
6              0            0              0        600      1110    0.541
7              0            1              0       1580      2240    0.705
8              0            2              0       2400      3190    0.752
9              0            1              1       6190      7460    0.830
10             0            2              1      72500     73960    0.980
11             0            9              0      36470     37600    0.970
12             0            9              2       6770      8870    0.763
13             0            4              1       6210      7920    0.784
14             0            0              0        830      1160    0.716
15             0            0              0       1480      2070    0.715
16             0            1              0       2350      3030    0.776
17             0            3              2       6800      7930    0.858
18             0            5              1      72850     74410    0.979
19             0           10              0      36210     37310    0.971
20             0            9              1      11420     13650    0.837
21             0            7              2       7500      9180    0.817
22             0            0              0        560      1250    0.448
23             0            0              0       1690      2300    0.735
24             0            4              2       2490      3810    0.654
25             0            3              0       6840      8060    0.849
26             0            7              0      71290     73170    0.974
27             0            7              0      37140     38480    0.965
28             0            8              0      13950     15420    0.905
29             0            7              0       9930     11120    0.893
30             0            0              0        670      1140    0.588
31             0            0              0       1840      2350    0.783
32             1            7              0       3490      4980    0.701
33             1            1              2       6610      8050    0.821
34             0            0              0      70650     73110    0.966
35             0            0              0      36570     37710    0.970
36             0            0              1      16170     17590    0.919
37             0            0              0      11420     13110    0.871
38             0            0              0        470      1000    0.470
39             0            0              1       1730      2370    0.730
40             0            0              1       4490      6140    0.731

IDENTIFYING OCCUPATIONS BY YEAR (excl. 221118)
# A tibble: 5 × 3
   year occupations identifying_occupations
  <int>       <int>                   <int>
1  2021         157                      59
2  2022         155                      60
3  2023         157                      68
4  2024         155                      71
5  2025         156                      77

CELLS WITH A FOSSIL COUNTERPART IN SAME OCC-YEAR
   NAICS 2021 2022 2023 2024 2025
1 221111   33   36   44   47   43
2 221113   80   80   79   81   82
3 221114   30   32   43   43   58
4 221115   28   32   38   45   49
5 221116    4    7    3    7    5
6 221117   11   11   12   14   13

MEAN PRSE SUMMARY (detailed cells)
   Min. 1st Qu.  Median    Mean 3rd Qu.    Max.     NAs 
  0.100   1.200   2.500   4.054   5.200  29.300      19 

HOURLY/ANNUAL-ONLY FLAGS

<NA> 
2096 

<NA> 
2096 
